SPY Transition Matrix:
[[1.12956113e-03 9.98847670e-01 2.27685269e-05]
 [9.65151366e-01 1.07457526e-02 2.41028811e-02]
 [4.09973588e-02 1.10086909e-02 9.47993950e-01]]

AAPL Transition Matrix:
[[3.27373555e-04 9.99622098e-01 5.05287402e-05]
 [9.39112553e-01 2.91211666e-03 5.79753299e-02]
 [9.45157256e-02 1.60075857e-02 8.89476689e-01]]

TSLA Transition Matrix:
[[2.69494051e-01 7.29993304e-01 5.12644121e-04]
 [3.49027433e-01 6.00635939e-01 5.03366272e-02]
 [2.79634799e-02 2.19480549e-03 9.69841715e-01]]

